Webots Project File version R2021b
perspectives: 000000ff00000000fd00000002000000010000011c000002bffc0200000001fb0000001400540065007800740045006400690074006f00720100000016000002bf0000003f00ffffff0000000300000780000000d9fc0100000001fb0000001a0043006f006e0073006f006c00650041006c006c0041006c006c0100000000000007800000006900ffffff00000662000002bf00000001000000020000000100000008fc00000000
simulationViewPerspectives: 000000ff000000010000000200000100000005620100000002010000000100
sceneTreePerspectives: 000000ff0000000100000002000001b6000000fa0100000002010000000200
maximizedDockId: -1
centralWidgetVisible: 1
orthographicViewHeight: 1
textFiles: -1
consoles: Console:All:All
renderingDevicePerspectives: R1_SummitXLS:depth_camera;0;0.926562;0;0
renderingDevicePerspectives: R1_SummitXLS:rgb_camera;0;0.463281;0;0
